[gd_scene load_steps=6 format=3 uid="uid://75kokj1wcq71"]

[ext_resource type="Script" uid="uid://cv4vs6n5eufkv" path="res://ground_movement.gd" id="1_o4i4p"]

[sub_resource type="BoxMesh" id="BoxMesh_o4i4p"]

[sub_resource type="BoxShape3D" id="BoxShape3D_o4i4p"]
size = Vector3(8, 2, 30)

[sub_resource type="SphereShape3D" id="SphereShape3D_o4i4p"]
radius = 23.2767

[sub_resource type="SphereMesh" id="SphereMesh_ptg3h"]

[node name="MonkeyBall" type="Node3D"]

[node name="GroundHolder" type="Node3D" parent="."]
script = ExtResource("1_o4i4p")

[node name="Ground" type="StaticBody3D" parent="GroundHolder"]

[node name="MeshInstance3D" type="MeshInstance3D" parent="GroundHolder/Ground"]
transform = Transform3D(3.13591, 0, 0, 0, 0.711554, 0, 0, 0, 29.7047, -1.27942, -1.71422, 0.966744)
mesh = SubResource("BoxMesh_o4i4p")

[node name="CollisionShape3D" type="CollisionShape3D" parent="GroundHolder/Ground"]
transform = Transform3D(1, 0, 0, 0, 1, 0, 0, 0, 1, -0.5, -2.5, 1.5)
shape = SubResource("BoxShape3D_o4i4p")

[node name="DirectionalLight3D" type="DirectionalLight3D" parent="."]
transform = Transform3D(0.998436, -0.0559086, 0, 0.0559086, 0.998436, 0, 0, 0, 1, -22.8504, 6.1638, -7.04898)

[node name="Mplayer" type="RigidBody3D" parent="."]
transform = Transform3D(0.999885, 0.0151489, 0, -0.0151489, 0.999885, 0, 0, 0, 1, 0, -4, 13)

[node name="CollisionShape3D" type="CollisionShape3D" parent="Mplayer"]
transform = Transform3D(1, 3.3183e-06, 0.00031699, 3.3183e-06, 0.999781, -0.0209226, -0.00031699, 0.0209226, 0.999781, 42.3894, -29.3719, -62.9273)
shape = SubResource("SphereShape3D_o4i4p")

[node name="MeshInstance3D" type="MeshInstance3D" parent="Mplayer"]
transform = Transform3D(0.999773, 0.0149174, -0.0151472, 0.0149174, 0.0153924, 0.99977, 0.0151471, -0.99977, 0.0151664, -1.39988, 4.806, -19.1753)
mesh = SubResource("SphereMesh_ptg3h")

[node name="Camera3D" type="Camera3D" parent="."]
transform = Transform3D(1, 0, 0, 0, 1, 0, 0, 0, 1, 0, -1, -2)
